-0.1020031,-0.23461048,-0.014075218,-0.12714794,-0.08878552,0.20431699,-0.16260064,0.103759624,0.11140209,0.051160645
0.06427683,-0.17102654,0.15158767,0.13028173,-0.1344021,-0.19247799,-0.07051423,0.114943355,-0.08809522,0.013929126
0.14248073,0.12501033,-0.01545339,0.20777212,0.21957256,-0.3320282,0.20197459,-0.35231063,-0.16280016,0.040977366
-0.083333574,-0.123625964,0.16782443,-0.11086069,0.0352327,0.010088671,0.16301285,-0.32913503,0.12560916,0.11924134
0.11798181,-0.19902721,0.05221346,-0.0048520053,-0.12962851,0.03332944,-0.019006101,0.015409174,0.10570397,-0.12321325
0.0075573777,0.017797008,0.058216102,-0.04982195,0.11650856,-0.16785888,0.113434315,-0.060549486,-0.16519038,-0.2686285
-0.13651805,-0.07276357,0.13980281,0.10550883,-0.013876044,-0.21119872,-0.062496483,-0.080521815,0.09552046,0.2426035
0.07646521,0.05476446,0.1540906,-0.14981274,0.1505022,-0.056148022,-0.12057334,-0.22417475,-0.09443765,0.11523721
0.087761,-0.1131899,-0.13718271,0.015955186,-0.112106904,0.1979155,-0.08744111,0.0058382917,0.21540056,-0.026025875
0.24140212,0.011279456,0.031809743,0.13699272,0.068480134,-0.3906668,0.14008732,-0.28421453,0.2904401,-0.056053653
0.22201458,0.23611307,-0.11062327,0.12924325,0.0072398023,-0.3239448,0.0038150612,0.06562633,-0.035870176,-0.11915363
-0.07146099,-0.08957229,0.08379087,0.08429718,-0.10668019,-0.1685868,-0.027169326,0.033649262,-0.06911197,0.19117732
-0.047313444,-0.16328406,-0.034891646,0.29876927,0.003235847,-0.029473836,0.21411012,-0.19254324,-0.14482805,-0.23938704
-0.046136852,0.030335104,-0.15949737,0.16781685,-0.06810418,-0.0071479417,0.093043596,0.32403612,-0.1379935,0.22011663
-0.14340587,-0.17877893,0.030229991,-0.17536645,0.12326626,0.035075888,-0.09044047,-0.01635242,0.19429761,-0.11639906
-0.020577727,-0.14224353,0.15035501,-0.0397769,0.1877865,-0.17223485,0.17422399,-0.3136572,0.3031243,-0.0926051
0.005247076,0.20718727,0.14163874,0.2256823,0.013469764,-0.2419731,-0.12777139,-0.08480339,-0.097823545,-0.15715039
0.07290053,0.12934119,0.24221322,0.20926027,0.1960324,-0.3657371,0.084307745,-0.52189505,-0.04226694,-0.21026991
-0.10317982,0.1450782,-0.21830493,-0.03735692,-0.02051904,-0.11508505,-0.10186943,0.28814375,-0.17488043,0.026082253
0.17834282,0.048068475,-0.05615647,-0.111618444,-0.15232511,0.1549847,0.06402696,-0.1596088,0.12172881,-0.066546015
0.03978743,-0.011696036,-0.05157381,0.18546496,-0.09806848,0.070755206,-0.039509922,0.09518639,-0.15138116,-0.0878009
-0.06754452,0.03600854,0.06396396,0.25361335,0.10373373,-0.1604042,0.099625595,-0.31450123,0.03502064,-0.19048329
-0.21317795,-0.006486079,-0.1962998,0.08295954,0.016916798,0.014550862,-0.039375976,0.24934418,-0.06845846,-0.063132696
0.22218622,0.05607953,-0.003862303,-0.12228673,-0.12332421,-0.278984,0.107232004,-0.064623855,0.12728259,0.075746596
0.16453353,-0.1561861,-0.019187085,-0.0593124,0.12724853,0.12553287,0.18014988,-0.18325898,0.22524828,-0.006301744
-0.21402535,-0.103921294,-0.0482241,-0.16027595,-0.17648935,-0.045959663,-0.24827068,0.24271739,0.25368735,0.35501608
-0.15688352,-0.07853425,-0.23737463,-0.09366843,-0.0825062,0.23049137,-0.050264902,0.35563195,0.11704858,0.0041803787
-0.05476457,-0.08180994,-0.047664296,-0.115150854,0.08646969,0.094042815,0.00893371,-0.003303117,-0.12697962,-0.14186305
-0.1388277,0.12176357,-0.06059366,-0.14612262,0.08954293,0.080210924,-0.21221988,0.21637936,-0.1909662,0.11784778
-0.17878461,0.10590464,-0.16807473,-0.048347425,0.12076926,-0.18678094,-0.25866142,0.25065795,0.19432448,0.28948334
-0.10328832,-0.089459255,-0.13428092,0.0710435,0.15851472,0.14061822,0.18987148,-0.122299165,-0.12640731,0.09285309
-0.044343382,0.12928441,0.07095387,0.17391546,-0.054097895,0.009078899,0.015263223,0.10040169,0.03828351,0.004534575
-0.12869987,0.016280007,-0.05700176,-0.09965981,0.018724747,0.054504227,0.004068964,0.23053321,-0.13744076,0.14586055
0.005685774,-0.015875166,-0.010411139,0.2098187,0.09755329,-0.33137682,0.13234556,-0.078916214,0.15854143,-0.03458396
0.16245897,0.11472322,0.0631139,0.07961891,0.012484628,-0.0798376,-0.06877316,-0.06421129,-0.13419232,0.08526463
-0.09739802,0.028382516,-0.041215245,0.2271207,-0.08815131,0.0638032,-0.10729015,-0.15711771,0.024004797,-0.07683965
0.03418078,-0.12260026,-0.05716037,0.016103372,0.027195787,0.01861065,0.04454878,-0.036910743,-0.082586244,-0.15708381
-0.061669324,-0.13710009,0.023653956,0.050281346,-0.17954895,0.15587284,-0.1492825,0.067474514,-0.12966406,0.11982217
0.04494535,-0.09558872,0.098898485,-0.08198036,-0.031888746,-0.028278371,0.18132655,-0.14069572,-0.047924533,0.14354491
0.05609775,-0.025429845,0.078926,0.16868483,-0.15291345,0.20663986,-0.19205213,0.0669124,0.1074554,-0.26510793
0.04587256,-0.1330394,-0.22606637,0.0003969647,-0.20417115,-0.05029933,-0.07902079,0.18995331,0.01357138,0.19610076
0.28478226,0.11272826,-0.013593512,0.057893444,0.039530434,-0.15370588,0.025639161,-0.010611479,0.052416563,-0.22827648
-0.0337788,0.09968139,0.011908692,-0.14935441,-0.24053173,0.19054475,0.14087091,0.110995606,-0.285354,0.114913814
0.1632645,0.010769561,0.05808712,0.048165433,-0.023178706,-0.21556605,0.08632206,0.16378736,-0.021330135,-0.10167107
0.14686914,-0.050819654,-0.14563365,-0.013407619,-0.11929193,-0.2422519,0.10805291,0.20100972,-0.04322196,0.18783142
0.13271978,0.13303846,0.1616109,0.20204836,-0.0703621,-0.1829192,-0.010409098,0.081312604,-0.24498114,-0.17708167
-0.18519552,-0.06144355,0.07833304,0.110998556,0.00831817,-0.0032066328,0.0725671,0.04559415,0.23507816,0.0052156467
0.10761193,0.15252475,-0.014956974,-0.10696973,-0.022247508,-0.25134793,0.17663662,-0.15358698,-0.1762773,-0.09750728
-0.04584089,0.10737093,-0.07864616,-0.26842958,-0.010155995,0.12905881,-0.14193691,0.2531425,-0.29221097,0.22270654
-0.057177782,-0.22891678,-0.06720532,-0.23395653,-0.024989393,-0.111539595,0.052838407,0.2087144,0.21083792,0.0992408
0.088460356,0.06351312,0.031035159,0.09710548,0.10495294,-0.10718266,0.05659835,-0.06105391,-0.0010113233,0.00026233308
0.040396668,0.07465673,0.11735063,0.0041922405,0.015235419,-0.13359837,0.1503222,-0.05188757,-0.03396375,-0.19481952
0.0851321,0.22365099,0.3162936,-0.016731637,0.29385468,-0.10561343,0.1258709,-0.3974922,-0.17477013,-0.3698923
-0.13363348,-0.035720687,-0.15196185,0.026301734,-0.2823224,0.14466314,-0.16807812,0.061282333,-0.11647698,0.45675042
-0.18320933,-0.05879013,-0.023239024,0.26608157,0.00039072512,-0.02783399,-0.13485987,0.09255106,0.06015174,-0.097618654
-0.080101244,0.110578015,0.105751015,-0.014613867,-0.096986406,-0.048757777,-0.0035415199,0.012901445,-0.14481862,0.012944617
-0.2059473,0.2451639,0.111475185,0.0033908898,0.25249887,-0.14553693,0.04340964,-0.14509538,-0.1461685,-0.22608429
-0.050450798,-0.14734301,-0.031732973,-0.01569375,0.047324426,-0.07175167,-0.122916825,-0.073480286,0.1367716,-0.06976325
-0.16527209,0.11412874,-0.09712626,-0.17063558,0.0661242,0.06607048,0.13091876,-0.046626117,-0.12290803,0.14547792
0.10810672,-0.17369711,-0.027369095,0.09353264,0.054597933,-0.13000832,0.12914155,-0.23078746,0.005611884,0.0061561903
0.050246496,-0.08995209,-0.1266582,0.150655,-0.132733,0.18146376,0.0400424,-0.045966506,-0.044352327,-0.04234926
-0.12124311,0.085937925,0.029787365,-0.1629169,-0.12612155,0.03422637,-0.14910682,0.014760509,0.036518395,0.11642255
0.1537465,-0.050209813,0.13904923,-0.112541765,0.023896256,0.09998775,0.018722814,-0.12081936,0.13007449,-0.021325937
-0.10976868,-0.17510563,-0.021169296,-0.08373634,0.09558108,-0.093344525,0.09540632,0.079530165,0.25722635,-0.22686373
